Sample Names	MutationType	SBS96A	SBS96B	SBS96C
016_BS_GLfiltered	A[C>A]A	0.455074714166704	0.056419999103778866	0.48850528672951726
016_BS_GLfiltered	A[C>A]C	0.524769180296696	0.059825667341085915	0.41540515236221814
016_BS_GLfiltered	A[C>A]G	0.43751644888868363	0.07044222918480463	0.49204132192651173
016_BS_GLfiltered	A[C>A]T	0.33343730139349576	0.06964387636706891	0.5969188222394353
016_BS_GLfiltered	A[C>G]A	0.6103441167707051	0.09130336105336333	0.2983525221759316
016_BS_GLfiltered	A[C>G]C	0.7011773899563314	0.08474161571026415	0.21408099433340438
016_BS_GLfiltered	A[C>G]G	0.6850101535844957	0.06067585915995756	0.25431398725554666
016_BS_GLfiltered	A[C>G]T	0.49140185263688174	0.1317552695939926	0.37684287776912573
016_BS_GLfiltered	A[C>T]A	0.5704703783255286	0.14234629184713254	0.2871833298273389
016_BS_GLfiltered	A[C>T]C	0.6675952610139351	0.09244967239504445	0.2399550665910206
016_BS_GLfiltered	A[C>T]G	0.6723586052624746	0.12076262310369	0.2068787716338354
016_BS_GLfiltered	A[C>T]T	0.579279589931075	0.15640585920676509	0.26431455086216005
016_BS_GLfiltered	A[T>A]A	0.24497060073544583	0.1568707090589598	0.5981586902055943
016_BS_GLfiltered	A[T>A]C	0.4421179275711165	0.14027840412509748	0.41760366830378604
016_BS_GLfiltered	A[T>A]G	0.5247794513188007	0.11547004477386576	0.3597505039073335
016_BS_GLfiltered	A[T>A]T	0.3906100177163351	0.18913751050140196	0.4202524717822631
016_BS_GLfiltered	A[T>C]A	0.3987179247565636	0.25252549745256614	0.3487565777908703
016_BS_GLfiltered	A[T>C]C	0.6015969027064145	0.10486081645996241	0.293542280833623
016_BS_GLfiltered	A[T>C]G	0.6334947723020385	0.1412559254948273	0.225249302203134
016_BS_GLfiltered	A[T>C]T	0.42834637866669323	0.24651179447934277	0.325141826853964
016_BS_GLfiltered	A[T>G]A	0.06632621412173766	0.11511802167378156	0.8185557642044808
016_BS_GLfiltered	A[T>G]C	0.3463557189710303	0.08474253877605267	0.5689017422529171
016_BS_GLfiltered	A[T>G]G	0.5865892800459802	0.08280060217580247	0.3306101177782173
016_BS_GLfiltered	A[T>G]T	0.4107645754698988	0.17896416975815221	0.41027125477194887
016_BS_GLfiltered	C[C>A]A	0.345963108198625	0.02790182352001425	0.6261350682813607
016_BS_GLfiltered	C[C>A]C	0.45064733274780233	0.021271566151087988	0.5280811011011097
016_BS_GLfiltered	C[C>A]G	0.5522123356468059	0.03750635873503577	0.4102813056181583
016_BS_GLfiltered	C[C>A]T	0.40620722781736573	0.029307856604572094	0.5644849155780621
016_BS_GLfiltered	C[C>G]A	0.6348480738113508	0.04509814633844412	0.3200537798502053
016_BS_GLfiltered	C[C>G]C	0.6553230590806891	0.05697024138754763	0.2877066995317633
016_BS_GLfiltered	C[C>G]G	0.7050963275336198	0.051296652730909005	0.2436070197354711
016_BS_GLfiltered	C[C>G]T	0.6236285050699667	0.0745685341384065	0.3018029607916268
016_BS_GLfiltered	C[C>T]A	0.6638261615316965	0.08384913036348302	0.2523247081048205
016_BS_GLfiltered	C[C>T]C	0.641307113548527	0.056817976584552905	0.30187490986692017
016_BS_GLfiltered	C[C>T]G	0.7553868078592344	0.06994890855609605	0.1746642835846695
016_BS_GLfiltered	C[C>T]T	0.6476928626244373	0.0857769797530729	0.26653015762248977
016_BS_GLfiltered	C[T>A]A	0.2937170785694847	0.06609842028143616	0.6401845011490791
016_BS_GLfiltered	C[T>A]C	0.5997560876798649	0.04550968919728604	0.3547342231228491
016_BS_GLfiltered	C[T>A]G	0.5025581878225529	0.047685759148801556	0.44975605302864546
016_BS_GLfiltered	C[T>A]T	0.3455559786949171	0.07862159954615645	0.5758224217589264
016_BS_GLfiltered	C[T>C]A	0.5800802292944254	0.13513333771375988	0.28478643299181483
016_BS_GLfiltered	C[T>C]C	0.5462639526882107	0.052872115623890915	0.40086393168789836
016_BS_GLfiltered	C[T>C]G	0.7478593138642463	0.06178795773013531	0.1903527284056184
016_BS_GLfiltered	C[T>C]T	0.5989403526888957	0.11031705185516937	0.2907425954559351
016_BS_GLfiltered	C[T>G]A	0.4042232561026547	0.15785228826665124	0.437924455630694
016_BS_GLfiltered	C[T>G]C	0.6880592735105557	0.053810288419537125	0.2581304380699072
016_BS_GLfiltered	C[T>G]G	0.629286933291781	0.04527946155241817	0.3254336051558007
016_BS_GLfiltered	C[T>G]T	0.541618263547129	0.14540762919294709	0.31297410725992386
016_BS_GLfiltered	G[C>A]A	0.5215572444325801	0.03788174353716045	0.44056101203025944
016_BS_GLfiltered	G[C>A]C	0.563018131712659	0.026757381221340196	0.4102244870660008
016_BS_GLfiltered	G[C>A]G	0.5576726680186608	0.07602075917491044	0.36630657280642864
016_BS_GLfiltered	G[C>A]T	0.5567757363208695	0.04875150792840826	0.3944727557507221
016_BS_GLfiltered	G[C>G]A	0.5927119572259931	0.06892822886845765	0.33835981390554926
016_BS_GLfiltered	G[C>G]C	0.6643750261783986	0.05996989501189962	0.27565507880970175
016_BS_GLfiltered	G[C>G]G	0.5244172920748739	0.027112112204429335	0.448470595720697
016_BS_GLfiltered	G[C>G]T	0.6671891593381579	0.07860589298273477	0.2542049476791074
016_BS_GLfiltered	G[C>T]A	0.6212487704264854	0.10160586581899354	0.27714536375452087
016_BS_GLfiltered	G[C>T]C	0.7055899317465621	0.05925328230892754	0.2351567859445104
016_BS_GLfiltered	G[C>T]G	0.7407213271903125	0.06570494584829639	0.19357372696139113
016_BS_GLfiltered	G[C>T]T	0.6557185113806244	0.0938315588087139	0.25044992981066183
016_BS_GLfiltered	G[T>A]A	0.3255822055077031	0.07810116395401834	0.5963166305382784
016_BS_GLfiltered	G[T>A]C	0.45655835274643836	0.05005187482303424	0.49338977243052734
016_BS_GLfiltered	G[T>A]G	0.5016315500347532	0.03269734866973175	0.4656711012955151
016_BS_GLfiltered	G[T>A]T	0.4679139743525988	0.17631942474081183	0.3557666009065894
016_BS_GLfiltered	G[T>C]A	0.5482238797014494	0.12946936749367843	0.32230675280487225
016_BS_GLfiltered	G[T>C]C	0.6557603112780913	0.06859227357499458	0.2756474151469141
016_BS_GLfiltered	G[T>C]G	0.7677245569510277	0.05871275138354921	0.17356269166542307
016_BS_GLfiltered	G[T>C]T	0.6237794873153474	0.14617737628994434	0.23004313639470833
016_BS_GLfiltered	G[T>G]A	0.3932759684327519	0.08441875661076355	0.5223052749564846
016_BS_GLfiltered	G[T>G]C	0.5857199465239967	0.09489510168908523	0.31938495178691806
016_BS_GLfiltered	G[T>G]G	0.2553432017635231	0.03743893182253631	0.7072178664139406
016_BS_GLfiltered	G[T>G]T	0.5835895034207228	0.12432271644599162	0.29208778013328557
016_BS_GLfiltered	T[C>A]A	0.28222939862748136	0.06607542316803694	0.6516951782044816
016_BS_GLfiltered	T[C>A]C	0.2910997856860012	0.07737913216466454	0.6315210821493342
016_BS_GLfiltered	T[C>A]G	0.44300157509409044	0.048144184475220786	0.5088542404306888
016_BS_GLfiltered	T[C>A]T	0.3786491911521822	0.07631734108423409	0.5450334677635836
016_BS_GLfiltered	T[C>G]A	0.29859260795644466	0.15772734563785934	0.543680046405696
016_BS_GLfiltered	T[C>G]C	0.5176649795729138	0.08837984294888115	0.3939551774782051
016_BS_GLfiltered	T[C>G]G	0.6063358260786689	0.09810861300534249	0.29555556091598867
016_BS_GLfiltered	T[C>G]T	0.35435495631064634	0.12440812061798026	0.5212369230713734
016_BS_GLfiltered	T[C>T]A	0.49719987409409	0.12874177065499434	0.37405835525091574
016_BS_GLfiltered	T[C>T]C	0.5729790905741418	0.07942701010098259	0.3475938993248756
016_BS_GLfiltered	T[C>T]G	0.6931001605869345	0.11661015917930329	0.1902896802337622
016_BS_GLfiltered	T[C>T]T	0.5281632458630927	0.13763963391256373	0.33419712022434345
016_BS_GLfiltered	T[T>A]A	0.2317359797359526	0.20156691207135244	0.5666971081926949
016_BS_GLfiltered	T[T>A]C	0.29898974878858886	0.17690108755255318	0.524109163658858
016_BS_GLfiltered	T[T>A]G	0.41148508674574064	0.12791910043927673	0.4605958128149826
016_BS_GLfiltered	T[T>A]T	0.2950812288404948	0.2093308853988558	0.4955878857606495
016_BS_GLfiltered	T[T>C]A	0.4542861646905442	0.21195306766722383	0.33376076764223195
016_BS_GLfiltered	T[T>C]C	0.5632077234582743	0.10673383518753544	0.3300584413541903
016_BS_GLfiltered	T[T>C]G	0.6638544118293722	0.11129442532446399	0.22485116284616374
016_BS_GLfiltered	T[T>C]T	0.4019449327861736	0.1893858859778033	0.40866918123602314
016_BS_GLfiltered	T[T>G]A	0.07249635579483978	0.1438907996628128	0.7836128445423475
016_BS_GLfiltered	T[T>G]C	0.16471190930369733	0.11021586730477394	0.7250722233915289
016_BS_GLfiltered	T[T>G]G	0.6271499169019633	0.10544831786162231	0.26740176523641424
016_BS_GLfiltered	T[T>G]T	0.3369855189402428	0.19685303925528053	0.4661614418044767
017_BS_GLfiltered	A[C>A]A	0.44316058767922323	0.09848666336138429	0.4583527489593925
017_BS_GLfiltered	A[C>A]C	0.5083733184353084	0.1038886025164594	0.3877380790482323
017_BS_GLfiltered	A[C>A]G	0.4215529178451202	0.12166249818649302	0.45678458396838667
017_BS_GLfiltered	A[C>A]T	0.3226580241278347	0.12080284101893385	0.5565391348532315
017_BS_GLfiltered	A[C>G]A	0.5749984568549575	0.15418588083446622	0.2708156623105763
017_BS_GLfiltered	A[C>G]C	0.6618962675427973	0.14339192444631774	0.19471180801088497
017_BS_GLfiltered	A[C>G]G	0.659421250829702	0.10470026699069944	0.2358784821795986
017_BS_GLfiltered	A[C>G]T	0.4505523768715996	0.2165421349340718	0.3329054881943286
017_BS_GLfiltered	A[C>T]A	0.5175125483411496	0.23147274876517568	0.2510147028936748
017_BS_GLfiltered	A[C>T]C	0.6271380738842962	0.15567584217615435	0.21718608393954947
017_BS_GLfiltered	A[C>T]G	0.6178875710226363	0.19893305595597247	0.18317937302139134
017_BS_GLfiltered	A[C>T]T	0.51985553868815	0.25160159584433833	0.22854286546751157
017_BS_GLfiltered	A[T>A]A	0.22219713012311268	0.255054072470084	0.5227487974068032
017_BS_GLfiltered	A[T>A]C	0.4034171473458595	0.22944202637850827	0.3671408262756322
017_BS_GLfiltered	A[T>A]G	0.4866356447735867	0.19193861399777581	0.32142574122863754
017_BS_GLfiltered	A[T>A]T	0.34428388743402727	0.29882499022183034	0.3568911223441424
017_BS_GLfiltered	A[T>C]A	0.3357895468553412	0.3812172745416028	0.282993178603056
017_BS_GLfiltered	A[T>C]C	0.5609864701128667	0.17527741310567463	0.26373611678145864
017_BS_GLfiltered	A[T>C]G	0.5739592027149181	0.2294090718588118	0.19663172542627014
017_BS_GLfiltered	A[T>C]T	0.36193184588643745	0.3733664804532295	0.26470167366033304
017_BS_GLfiltered	A[T>G]A	0.062491855286953335	0.1944229157620414	0.7430852289510052
017_BS_GLfiltered	A[T>G]C	0.33099855956889357	0.14516808110905424	0.5238333593220523
017_BS_GLfiltered	A[T>G]G	0.5567714767864564	0.14087770768922767	0.30235081552431586
017_BS_GLfiltered	A[T>G]T	0.3645215251838649	0.2846834436446438	0.35079503117149125
017_BS_GLfiltered	C[C>A]A	0.34621943554637996	0.05005185362904438	0.6037287108245757
017_BS_GLfiltered	C[C>A]C	0.4517388007030811	0.03822222642573161	0.5100389728711874
017_BS_GLfiltered	C[C>A]G	0.5441856204418335	0.06625395153355162	0.38956042802461494
017_BS_GLfiltered	C[C>A]T	0.4051440765002198	0.05239765239935463	0.5424582711004257
017_BS_GLfiltered	C[C>G]A	0.6199325701357326	0.07894038931583984	0.30112704054842765
017_BS_GLfiltered	C[C>G]C	0.6333768765264496	0.09870081490088864	0.2679223085726618
017_BS_GLfiltered	C[C>G]G	0.6833900790635083	0.0891199981171409	0.22748992281935085
017_BS_GLfiltered	C[C>G]T	0.5950187408645383	0.12753406930508962	0.277447189830372
017_BS_GLfiltered	C[C>T]A	0.6278840899129671	0.14216398929729543	0.22995192078973753
017_BS_GLfiltered	C[C>T]C	0.6202126369282586	0.09849773450951016	0.28128962856223116
017_BS_GLfiltered	C[C>T]G	0.7200596849414751	0.11952148134368201	0.1604188337148429
017_BS_GLfiltered	C[C>T]T	0.612039972002071	0.14529388966282572	0.24266613833510334
017_BS_GLfiltered	C[T>A]A	0.2854341459148891	0.1151419898690591	0.5994238642160519
017_BS_GLfiltered	C[T>A]C	0.5862029370275004	0.07973392060564918	0.3340631423668504
017_BS_GLfiltered	C[T>A]G	0.4920400318837359	0.083689063973341	0.42427090414292307
017_BS_GLfiltered	C[T>A]T	0.33185283260041	0.1353427253547998	0.5328044420447902
017_BS_GLfiltered	C[T>C]A	0.5289312514134296	0.22087145505471903	0.2501972935318515
017_BS_GLfiltered	C[T>C]C	0.5317620183309532	0.09225871142052743	0.3759792702485194
017_BS_GLfiltered	C[T>C]G	0.7177008171857316	0.10629021839173258	0.1760089644225357
017_BS_GLfiltered	C[T>C]T	0.5562134207596355	0.18363965212974148	0.2601469271106231
017_BS_GLfiltered	C[T>G]A	0.36445451952266594	0.2551166777350412	0.3804288027422928
017_BS_GLfiltered	C[T>G]C	0.6659338610610263	0.09335476502455017	0.24071137391442357
017_BS_GLfiltered	C[T>G]G	0.6145336881190955	0.07926184180656472	0.30620447007433976
017_BS_GLfiltered	C[T>G]T	0.4906778790500332	0.23613278920969652	0.27318933174027027
017_BS_GLfiltered	G[C>A]A	0.5143855368736385	0.06697036269012643	0.418644100436235
017_BS_GLfiltered	G[C>A]C	0.5595304844746669	0.04766624077483862	0.39280327475049437
017_BS_GLfiltered	G[C>A]G	0.5327003514214198	0.1301672561771406	0.3371323924014396
017_BS_GLfiltered	G[C>A]T	0.5435994032942373	0.08532035394167244	0.3710802427640902
017_BS_GLfiltered	G[C>G]A	0.5686698836175034	0.1185440018395274	0.3127861145429693
017_BS_GLfiltered	G[C>G]C	0.6403820454273739	0.10361557971607964	0.25600237485654653
017_BS_GLfiltered	G[C>G]G	0.5217468066379597	0.048351736266677166	0.429901457095363
017_BS_GLfiltered	G[C>G]T	0.6335964311934368	0.13380882947089956	0.23259473933566369
017_BS_GLfiltered	G[C>T]A	0.580383969125557	0.1701510257754557	0.2494650050989873
017_BS_GLfiltered	G[C>T]C	0.6795123668683973	0.10228767979548847	0.2181999533361142
017_BS_GLfiltered	G[C>T]G	0.7088189825008122	0.11270533565383745	0.17847568184535043
017_BS_GLfiltered	G[C>T]T	0.6155692711542412	0.1578971690564728	0.22653355978928597
017_BS_GLfiltered	G[T>A]A	0.3130199746758609	0.13459682706609444	0.5523831982580447
017_BS_GLfiltered	G[T>A]C	0.4468792827175211	0.08781732481719903	0.46530339246527985
017_BS_GLfiltered	G[T>A]G	0.4971980308388211	0.05809289497638125	0.4447090741847977
017_BS_GLfiltered	G[T>A]T	0.41527646881432934	0.2805029236266324	0.3042206075590383
017_BS_GLfiltered	G[T>C]A	0.5025684525625458	0.21275032177170025	0.284681225665754
017_BS_GLfiltered	G[T>C]C	0.6279422064399257	0.11773773300567962	0.2543200605543947
017_BS_GLfiltered	G[T>C]G	0.738057153640509	0.10117726112185411	0.16076558523763704
017_BS_GLfiltered	G[T>C]T	0.5632557967606142	0.2366032294203736	0.2001409738190121
017_BS_GLfiltered	G[T>G]A	0.37532042383809106	0.144414122191129	0.48026545397078
017_BS_GLfiltered	G[T>G]C	0.5507217091986759	0.15993808900446413	0.28934020179685993
017_BS_GLfiltered	G[T>G]G	0.25436171694587595	0.06685237213584334	0.6787859109182808
017_BS_GLfiltered	G[T>G]T	0.5364523498402103	0.2048519467640137	0.2586957033957759
017_BS_GLfiltered	T[C>A]A	0.27438730992374394	0.11515098290087378	0.6104617071753823
017_BS_GLfiltered	T[C>A]C	0.2803686200312368	0.13359102978712728	0.5860403501816359
017_BS_GLfiltered	T[C>A]G	0.43449293743003276	0.08464225210514105	0.4808648104648262
017_BS_GLfiltered	T[C>A]T	0.36387918268209346	0.13146475390414605	0.5046560634137605
017_BS_GLfiltered	T[C>G]A	0.27018055147378245	0.2558279266695047	0.47399152185671295
017_BS_GLfiltered	T[C>G]C	0.4903688420910163	0.15006977517999923	0.3595613827289844
017_BS_GLfiltered	T[C>G]G	0.5682801947793877	0.16482472182772656	0.2668950833928858
017_BS_GLfiltered	T[C>G]T	0.3282364424652179	0.20656794995650962	0.46519560757827244
017_BS_GLfiltered	T[C>T]A	0.456826183072052	0.212033938400297	0.3311398785276509
017_BS_GLfiltered	T[C>T]C	0.5455586188500664	0.13556163139811497	0.31887974975181854
017_BS_GLfiltered	T[C>T]G	0.6385245641810151	0.19256791256328362	0.1689075232557013
017_BS_GLfiltered	T[C>T]T	0.4815117957962944	0.2249304168858393	0.29355778731786636
017_BS_GLfiltered	T[T>A]A	0.2034443035500468	0.3172029612409785	0.4793527352089747
017_BS_GLfiltered	T[T>A]C	0.26670044302834117	0.2828550040453185	0.45044455292634034
017_BS_GLfiltered	T[T>A]G	0.37939993703466196	0.21141922469722899	0.409180838268109
017_BS_GLfiltered	T[T>A]T	0.25708148026695177	0.3269101790854269	0.4160083406476213
017_BS_GLfiltered	T[T>C]A	0.3930502114882432	0.32871850644365486	0.278231282068102
017_BS_GLfiltered	T[T>C]C	0.5251144884396473	0.1783829898508617	0.29650252170949093
017_BS_GLfiltered	T[T>C]G	0.6146816706907515	0.18472120506510015	0.20059712424414822
017_BS_GLfiltered	T[T>C]T	0.3540811112522606	0.2990540829808209	0.34686480576691836
017_BS_GLfiltered	T[T>G]A	0.0667900571032281	0.23762634568831667	0.6955835972084552
017_BS_GLfiltered	T[T>G]C	0.15525901049292115	0.18622666233728766	0.6585143271697912
017_BS_GLfiltered	T[T>G]G	0.5840413440385072	0.17602639851984855	0.23993225744164431
017_BS_GLfiltered	T[T>G]T	0.29586161875275724	0.30980287193673417	0.39433550931050854
017_SU_T1-R1filtered	A[C>A]A	0.3582986867210932	0.33627733957188694	0.3054239737070199
017_SU_T1-R1filtered	A[C>A]C	0.4013450632130647	0.34636912510647094	0.2522858116804645
017_SU_T1-R1filtered	A[C>A]G	0.3213492655213311	0.39166794901818464	0.2869827854604843
017_SU_T1-R1filtered	A[C>A]T	0.249829783697887	0.3950162683768814	0.35515394792523164
017_SU_T1-R1filtered	A[C>G]A	0.3967292395654165	0.44927083715563904	0.15399992327894432
017_SU_T1-R1filtered	A[C>G]C	0.4635329795397067	0.42408361387499716	0.11238340658529611
017_SU_T1-R1filtered	A[C>G]G	0.5088163051368174	0.34117874097678447	0.15000495388639826
017_SU_T1-R1filtered	A[C>G]T	0.27482531777019414	0.5578147063147368	0.16735997591506904
017_SU_T1-R1filtered	A[C>T]A	0.30407291778721524	0.5743714144725154	0.1215556677402694
017_SU_T1-R1filtered	A[C>T]C	0.42849618816482493	0.44920141004743147	0.12230240178774365
017_SU_T1-R1filtered	A[C>T]G	0.38402375552702533	0.5221456656447189	0.0938305788282558
017_SU_T1-R1filtered	A[C>T]T	0.29357680695333255	0.6000515343084447	0.10637165873822267
017_SU_T1-R1filtered	A[T>A]A	0.12842547616410532	0.622559828182843	0.24901469565305157
017_SU_T1-R1filtered	A[T>A]C	0.24085002136578076	0.5784973803756008	0.18065259825861846
017_SU_T1-R1filtered	A[T>A]G	0.31152031331287794	0.5188966903367137	0.16958299635040838
017_SU_T1-R1filtered	A[T>A]T	0.18116333274112126	0.6640589117211306	0.15477775553774814
017_SU_T1-R1filtered	A[T>C]A	0.15410531331125732	0.7388548091088327	0.10703987757990989
017_SU_T1-R1filtered	A[T>C]C	0.3694168208200995	0.4874457927932939	0.14313738638660664
017_SU_T1-R1filtered	A[T>C]G	0.33666335977901685	0.5682788715222737	0.09505776869870942
017_SU_T1-R1filtered	A[T>C]T	0.16780393819630043	0.7310494743787938	0.10114658742490575
017_SU_T1-R1filtered	A[T>G]A	0.04177262673683178	0.5488477786900746	0.4093795945730934
017_SU_T1-R1filtered	A[T>G]C	0.24058717890051898	0.44560864116212473	0.31380417993735626
017_SU_T1-R1filtered	A[T>G]G	0.39743602015897644	0.4246866558146827	0.1778773240263408
017_SU_T1-R1filtered	A[T>G]T	0.19641252087323652	0.6478049966524174	0.15578248247434606
017_SU_T1-R1filtered	C[C>A]A	0.3281161040764149	0.20032371245935274	0.4715601834642323
017_SU_T1-R1filtered	C[C>A]C	0.43708847807700973	0.15618309928454835	0.4067284226384419
017_SU_T1-R1filtered	C[C>A]G	0.4752499016310524	0.24435591232240744	0.2803941860465402
017_SU_T1-R1filtered	C[C>A]T	0.37740225267521355	0.20613081289994079	0.41646693442484567
017_SU_T1-R1filtered	C[C>G]A	0.5159695559352897	0.27746932605552577	0.2065611180091844
017_SU_T1-R1filtered	C[C>G]C	0.49832189141468713	0.32794770238427595	0.17373040620103689
017_SU_T1-R1filtered	C[C>G]G	0.5479182537741777	0.30175769936657715	0.15032404685924516
017_SU_T1-R1filtered	C[C>G]T	0.4367819641753142	0.39536330773647554	0.1678547280882102
017_SU_T1-R1filtered	C[C>T]A	0.44286304552506606	0.4234631829653828	0.13367377150955106
017_SU_T1-R1filtered	C[C>T]C	0.48912101568491606	0.3280484922441662	0.18283049207091773
017_SU_T1-R1filtered	C[C>T]G	0.5306146280209276	0.37195703869615643	0.09742833328291599
017_SU_T1-R1filtered	C[C>T]T	0.4293099674853464	0.4304023437191068	0.14028768879554676
017_SU_T1-R1filtered	C[T>A]A	0.22551031309115632	0.3841760658353016	0.39031362107354195
017_SU_T1-R1filtered	C[T>A]C	0.4892129234240158	0.2810147671831435	0.22977230939284057
017_SU_T1-R1filtered	C[T>A]G	0.41169921736294773	0.29572252510920066	0.29257825752785166
017_SU_T1-R1filtered	C[T>A]T	0.24718121153300004	0.42573655050232534	0.32708223796467467
017_SU_T1-R1filtered	C[T>C]A	0.3171221995424024	0.5592462769692993	0.12363152348829821
017_SU_T1-R1filtered	C[T>C]C	0.43188563040583544	0.31644258010627063	0.2516717894878938
017_SU_T1-R1filtered	C[T>C]G	0.5471773546804144	0.34222683916835955	0.11059580615122606
017_SU_T1-R1filtered	C[T>C]T	0.35973930097948054	0.5015901231049433	0.13867057591557616
017_SU_T1-R1filtered	C[T>G]A	0.2076203471022411	0.6137641464991855	0.1786155063985734
017_SU_T1-R1filtered	C[T>G]C	0.5291182491398728	0.3132522682345523	0.15762948262557483
017_SU_T1-R1filtered	C[T>G]G	0.5114150535476495	0.2785659715168474	0.21001897493550306
017_SU_T1-R1filtered	C[T>G]T	0.2864340966523134	0.582130861730242	0.13143504161744482
017_SU_T1-R1filtered	G[C>A]A	0.45032777770999743	0.2476046124070623	0.3020676098829403
017_SU_T1-R1filtered	G[C>A]C	0.5159005498713051	0.1856048123018439	0.29849463782685093
017_SU_T1-R1filtered	G[C>A]G	0.39161322472312676	0.4041217346410389	0.20426504063583428
017_SU_T1-R1filtered	G[C>A]T	0.44934683676606346	0.2978457845074092	0.2528073787265273
017_SU_T1-R1filtered	G[C>G]A	0.42850927394153204	0.37723820763776356	0.19425251842070446
017_SU_T1-R1filtered	G[C>G]C	0.49682211436882145	0.3394868252409203	0.1636910603902582
017_SU_T1-R1filtered	G[C>G]G	0.48298392540723134	0.18902578182520335	0.32799029276756536
017_SU_T1-R1filtered	G[C>G]T	0.45569713867434974	0.4064287699482128	0.1378740913774375
017_SU_T1-R1filtered	G[C>T]A	0.38575014738760843	0.47759674257671453	0.136653110035677
017_SU_T1-R1filtered	G[C>T]C	0.5262140909890264	0.3345218792418685	0.13926402976910499
017_SU_T1-R1filtered	G[C>T]G	0.5321922591627664	0.3573664536518419	0.11044128718539176
017_SU_T1-R1filtered	G[C>T]T	0.4190124966494718	0.4539003097935451	0.12708719355698297
017_SU_T1-R1filtered	G[T>A]A	0.23417330849248952	0.4252420997916435	0.34058459171586697
017_SU_T1-R1filtered	G[T>A]C	0.372016264440519	0.3087365176222721	0.31924721793720884
017_SU_T1-R1filtered	G[T>A]G	0.4483095580063069	0.22121150458380595	0.33047893740988726
017_SU_T1-R1filtered	G[T>A]T	0.22439951634989586	0.6401151082424965	0.1354853754076076
017_SU_T1-R1filtered	G[T>C]A	0.3072551945763535	0.5493009221930041	0.1434438832306425
017_SU_T1-R1filtered	G[T>C]C	0.4704497600494253	0.37251634918905036	0.15703389076152433
017_SU_T1-R1filtered	G[T>C]G	0.5686801068116346	0.3292282193611187	0.10209167382724675
017_SU_T1-R1filtered	G[T>C]T	0.3260682514053377	0.5784417143123217	0.09549003428234054
017_SU_T1-R1filtered	G[T>G]A	0.271769483140537	0.4416154380035929	0.2866150788558702
017_SU_T1-R1filtered	G[T>G]C	0.3760141103961304	0.46116882437969425	0.16281706522417536
017_SU_T1-R1filtered	G[T>G]G	0.23205494554191045	0.2575680527674749	0.5103770016906147
017_SU_T1-R1filtered	G[T>G]T	0.3322133918805644	0.5357499890652461	0.13203661905418937
017_SU_T1-R1filtered	T[C>A]A	0.21711056479432006	0.38478725296842503	0.398102182237255
017_SU_T1-R1filtered	T[C>A]C	0.21119369358739318	0.42497651541340375	0.36382979099920315
017_SU_T1-R1filtered	T[C>A]G	0.36565290612069246	0.30082201098007616	0.3335250828992314
017_SU_T1-R1filtered	T[C>A]T	0.2725689399737444	0.4158766906167041	0.3115543694095515
017_SU_T1-R1filtered	T[C>G]A	0.15516640563511885	0.620479817002258	0.22435377736262313
017_SU_T1-R1filtered	T[C>G]C	0.34521426951055173	0.4461646887659295	0.2086210417235186
017_SU_T1-R1filtered	T[C>G]G	0.3828537265004118	0.468952441679272	0.1481938318203161
017_SU_T1-R1filtered	T[C>G]T	0.2072192667758709	0.5507346065473349	0.2420461266767943
017_SU_T1-R1filtered	T[C>T]A	0.28109033151180385	0.5509807073255886	0.16792896116260753
017_SU_T1-R1filtered	T[C>T]C	0.395083902810967	0.4145918806562222	0.19032421653281067
017_SU_T1-R1filtered	T[C>T]G	0.4013413557971735	0.5111593612492752	0.08749928295355126
017_SU_T1-R1filtered	T[C>T]T	0.28774998306643673	0.5676657032675995	0.14458431366596378
017_SU_T1-R1filtered	T[T>A]A	0.10497051527260291	0.6911862976357689	0.2038431870916281
017_SU_T1-R1filtered	T[T>A]C	0.14554044584444745	0.6518683902427533	0.2025911639127992
017_SU_T1-R1filtered	T[T>A]G	0.2357267162961579	0.5547433691664506	0.20952991453739148
017_SU_T1-R1filtered	T[T>A]T	0.1298040995991212	0.697079245701032	0.17311665469984688
017_SU_T1-R1filtered	T[T>C]A	0.19549022112435593	0.6904579755094192	0.11405180336622486
017_SU_T1-R1filtered	T[T>C]C	0.3448299172448149	0.4946983565720411	0.16047172618314404
017_SU_T1-R1filtered	T[T>C]G	0.3939980902258322	0.5000307340966307	0.10597117567753725
017_SU_T1-R1filtered	T[T>C]T	0.1860737576542992	0.6636944663060772	0.15023177603962357
017_SU_T1-R1filtered	T[T>G]A	0.04063636615668476	0.6105675674297463	0.3487960664135689
017_SU_T1-R1filtered	T[T>G]C	0.10459010910236856	0.5297997556817621	0.36561013521586944
017_SU_T1-R1filtered	T[T>G]G	0.3829345956544211	0.48741053006853313	0.12965487427704583
017_SU_T1-R1filtered	T[T>G]T	0.15335929480727653	0.6781769193308671	0.16846378586185637
017_SU_T1-R2filtered	A[C>A]A	0.2463618398586515	0.12313010078222683	0.6305080593591217
017_SU_T1-R2filtered	A[C>A]C	0.29878848851932216	0.13731675071633279	0.5638947607643451
017_SU_T1-R2filtered	A[C>A]G	0.23093063262467978	0.1498858644800122	0.619183502895308
017_SU_T1-R2filtered	A[C>A]T	0.1636643452503249	0.13780445475370634	0.6985311999959688
017_SU_T1-R2filtered	A[C>G]A	0.361209411533973	0.2178268876184521	0.4209637008475748
017_SU_T1-R2filtered	A[C>G]C	0.45144331490875633	0.21994418742394134	0.3286124976673023
017_SU_T1-R2filtered	A[C>G]G	0.4459908557202998	0.15925215072011978	0.39475699355958044
017_SU_T1-R2filtered	A[C>G]T	0.2558072296145571	0.27649319375187065	0.4676995766335722
017_SU_T1-R2filtered	A[C>T]A	0.3119048824234927	0.31374416591397286	0.37435095166253446
017_SU_T1-R2filtered	A[C>T]C	0.4140463039617486	0.23114338540363416	0.3548103106346173
017_SU_T1-R2filtered	A[C>T]G	0.406895651538172	0.294615129117422	0.298489219344406
017_SU_T1-R2filtered	A[C>T]T	0.31483390693902924	0.34267838885220964	0.3424877042087611
017_SU_T1-R2filtered	A[T>A]A	0.1063495684545578	0.27453900195803826	0.619111429587404
017_SU_T1-R2filtered	A[T>A]C	0.22070151513647165	0.28229190971083834	0.49700657515269003
017_SU_T1-R2filtered	A[T>A]G	0.28397737627487435	0.25189333804515934	0.4641292856799664
017_SU_T1-R2filtered	A[T>A]T	0.18125670907082472	0.35380894458913253	0.46493434634004277
017_SU_T1-R2filtered	A[T>C]A	0.17735021416696034	0.45280542197593243	0.3698443638571072
017_SU_T1-R2filtered	A[T>C]C	0.3489213643529794	0.2451746880619864	0.4059039475850342
017_SU_T1-R2filtered	A[T>C]G	0.36408621722917106	0.32727158851728594	0.30864219425354295
017_SU_T1-R2filtered	A[T>C]T	0.19494389563374234	0.45226467763824835	0.3527914267280093
017_SU_T1-R2filtered	A[T>G]A	0.026723504012039358	0.1869786146884086	0.786297881299552
017_SU_T1-R2filtered	A[T>G]C	0.16942405393664672	0.16710698482954708	0.6634689612338063
017_SU_T1-R2filtered	A[T>G]G	0.3433160401500302	0.19535921170139048	0.4613247481485794
017_SU_T1-R2filtered	A[T>G]T	0.19464225522257933	0.3418618679806206	0.4634958767968001
017_SU_T1-R2filtered	C[C>A]A	0.17730492666866296	0.05764531632473934	0.7650497570065976
017_SU_T1-R2filtered	C[C>A]C	0.2509990468545128	0.04776119233638043	0.7012397608091067
017_SU_T1-R2filtered	C[C>A]G	0.3283898264882632	0.08991433149102016	0.5816958420207166
017_SU_T1-R2filtered	C[C>A]T	0.21720426170135682	0.06317498967867727	0.7196207486199659
017_SU_T1-R2filtered	C[C>G]A	0.40187854651951105	0.11508643423153715	0.48303501924895187
017_SU_T1-R2filtered	C[C>G]C	0.4171598339952889	0.14619601064431376	0.4366441553603973
017_SU_T1-R2filtered	C[C>G]G	0.4723700012510828	0.13853621234085234	0.38909378640806475
017_SU_T1-R2filtered	C[C>G]T	0.37938867706399604	0.18287504218460254	0.4377362807514013
017_SU_T1-R2filtered	C[C>T]A	0.41400656839172634	0.21081031457007196	0.3751831170382017
017_SU_T1-R2filtered	C[C>T]C	0.4033212813722234	0.14404933931254618	0.4526293793152305
017_SU_T1-R2filtered	C[C>T]G	0.5195976415517561	0.19396311213469644	0.2864392463135474
017_SU_T1-R2filtered	C[C>T]T	0.3976197096899426	0.2122804351798455	0.3900998551302119
017_SU_T1-R2filtered	C[T>A]A	0.1407727689626566	0.12770883985869413	0.7315183911786493
017_SU_T1-R2filtered	C[T>A]C	0.3681854243129959	0.1126253678889058	0.5191892077980984
017_SU_T1-R2filtered	C[T>A]G	0.2844019116856608	0.10878657039147732	0.6068115179228619
017_SU_T1-R2filtered	C[T>A]T	0.16977821574246715	0.15572052354401378	0.6745012607135191
017_SU_T1-R2filtered	C[T>C]A	0.3215867537196228	0.302004224377297	0.3764090219030803
017_SU_T1-R2filtered	C[T>C]C	0.318499286680199	0.1242719279301898	0.5572287853896112
017_SU_T1-R2filtered	C[T>C]G	0.5154917244513658	0.17169041796430282	0.3128178575843314
017_SU_T1-R2filtered	C[T>C]T	0.3448476525895459	0.2560511751513477	0.3991011722591065
017_SU_T1-R2filtered	C[T>G]A	0.19390583891552832	0.30525367335038256	0.5008404877340892
017_SU_T1-R2filtered	C[T>G]C	0.4525515209860226	0.1426750135145347	0.4047734654994427
017_SU_T1-R2filtered	C[T>G]G	0.39635194787659195	0.11496720223938915	0.488680849884019
017_SU_T1-R2filtered	C[T>G]T	0.28902247864868913	0.3127994209755606	0.3981781003757503
017_SU_T1-R2filtered	G[C>A]A	0.30241782058329253	0.08854739373471715	0.6090347856819903
017_SU_T1-R2filtered	G[C>A]C	0.34144782474438967	0.06541630376704274	0.5931358714885675
017_SU_T1-R2filtered	G[C>A]G	0.3209708599079055	0.17638387295197677	0.5026452671401178
017_SU_T1-R2filtered	G[C>A]T	0.3287175820205491	0.11603021909994078	0.55525219887951
017_SU_T1-R2filtered	G[C>G]A	0.3533780456864087	0.16566601338792886	0.4809559409256626
017_SU_T1-R2filtered	G[C>G]C	0.4249749049268306	0.15464066234599547	0.42038443272717396
017_SU_T1-R2filtered	G[C>G]G	0.3079505212650374	0.0641811832180615	0.627868295516901
017_SU_T1-R2filtered	G[C>G]T	0.4195819662567011	0.19927983945142655	0.3811381942918724
017_SU_T1-R2filtered	G[C>T]A	0.3672551853706873	0.24213724759059263	0.39060756703872007
017_SU_T1-R2filtered	G[C>T]C	0.4687992548628045	0.1587038186749642	0.3724969264622314
017_SU_T1-R2filtered	G[C>T]G	0.5048879266165662	0.18054215591428535	0.3145699174691483
017_SU_T1-R2filtered	G[C>T]T	0.4020140049283027	0.2319065932188545	0.3660794018528427
017_SU_T1-R2filtered	G[T>A]A	0.15788661470480211	0.15268015238024016	0.6894332329149576
017_SU_T1-R2filtered	G[T>A]C	0.2488547929269239	0.10997918397753419	0.6411660230955419
017_SU_T1-R2filtered	G[T>A]G	0.28768799777998155	0.07559444185059375	0.6367175603694247
017_SU_T1-R2filtered	G[T>A]T	0.23085225520091826	0.35067813832429756	0.41846960647478404
017_SU_T1-R2filtered	G[T>C]A	0.29817940843403223	0.2838750034987335	0.41794558806723425
017_SU_T1-R2filtered	G[T>C]C	0.41256962170034406	0.17396734805653177	0.41346303024312414
017_SU_T1-R2filtered	G[T>C]G	0.5413344707129275	0.16689107383788737	0.29177445544918523
017_SU_T1-R2filtered	G[T>C]T	0.3541160230609181	0.3345300056326565	0.3113539713064254
017_SU_T1-R2filtered	G[T>G]A	0.19874112948574313	0.17197674385983625	0.6292821266544206
017_SU_T1-R2filtered	G[T>G]C	0.33862067667021545	0.22116055998413375	0.4402187633456508
017_SU_T1-R2filtered	G[T>G]G	0.12203532516733223	0.07213152904492921	0.8058331457877386
017_SU_T1-R2filtered	G[T>G]T	0.32764894502491615	0.2813793480534142	0.39097170692166955
017_SU_T1-R2filtered	T[C>A]A	0.13424632626567204	0.12670114476096328	0.7390525289733647
017_SU_T1-R2filtered	T[C>A]C	0.1380492804780261	0.14793009718178932	0.7140206223401847
017_SU_T1-R2filtered	T[C>A]G	0.23942669196466843	0.10489421942586852	0.655679088609463
017_SU_T1-R2filtered	T[C>A]T	0.19068448839600013	0.1549323077147571	0.6543832038892426
017_SU_T1-R2filtered	T[C>G]A	0.13385973291904837	0.2850482132454561	0.5810920538354954
017_SU_T1-R2filtered	T[C>G]C	0.28549978588533825	0.19649461502490898	0.5180055990897527
017_SU_T1-R2filtered	T[C>G]G	0.35531358726322954	0.23176409071607498	0.4129223220206955
017_SU_T1-R2filtered	T[C>G]T	0.16885506739506154	0.23898175304810954	0.5921631795568291
017_SU_T1-R2filtered	T[C>T]A	0.26058745968347474	0.2720084566757584	0.46740408364076685
017_SU_T1-R2filtered	T[C>T]C	0.33276363460023245	0.1859540862504734	0.4812822791492941
017_SU_T1-R2filtered	T[C>T]G	0.4286700368430364	0.2907394357192639	0.2805905274376997
017_SU_T1-R2filtered	T[C>T]T	0.2809685961925903	0.29517090079974506	0.42386050300766454
017_SU_T1-R2filtered	T[T>A]A	0.09674265924103999	0.33922216492277585	0.5640351758361841
017_SU_T1-R2filtered	T[T>A]C	0.1321986732412702	0.3153128916432625	0.5524884351154673
017_SU_T1-R2filtered	T[T>A]G	0.20317423118623723	0.25461873024258636	0.5422070385711764
017_SU_T1-R2filtered	T[T>A]T	0.1271630212325275	0.36365787015612594	0.5091791086113464
017_SU_T1-R2filtered	T[T>C]A	0.21586892921579534	0.4060137668243705	0.37811730395983406
017_SU_T1-R2filtered	T[T>C]C	0.3163408204023306	0.24167358022113178	0.44198559937653764
017_SU_T1-R2filtered	T[T>C]G	0.4026810786059441	0.2721461625990028	0.32517275879505303
017_SU_T1-R2filtered	T[T>C]T	0.187848431163797	0.3568034545665203	0.45534811426968264
017_SU_T1-R2filtered	T[T>G]A	0.028759322222241483	0.23011022804785602	0.7411304497299025
017_SU_T1-R2filtered	T[T>G]C	0.0704592730786599	0.19006305495685014	0.73947767196449
017_SU_T1-R2filtered	T[T>G]G	0.3711471707702047	0.2515676933001956	0.3772851359295996
017_SU_T1-R2filtered	T[T>G]T	0.1503096580012579	0.35396327001548095	0.4957270719832611
017_SU_T1-R3filtered	A[C>A]A	0.444128894494966	0.137914704400445	0.4179564011045889
017_SU_T1-R3filtered	A[C>A]C	0.5051756578661555	0.14424900317514516	0.3505753389586994
017_SU_T1-R3filtered	A[C>A]G	0.41855251658973935	0.16878732768887342	0.41266015572138726
017_SU_T1-R3filtered	A[C>A]T	0.32335747062160347	0.16916200604734494	0.5074805233310515
017_SU_T1-R3filtered	A[C>G]A	0.5545631071262388	0.2077849800309873	0.23765191284277384
017_SU_T1-R3filtered	A[C>G]C	0.6367939817624982	0.1927609070243174	0.17044511121318448
017_SU_T1-R3filtered	A[C>G]G	0.6462771826211803	0.1433801145276184	0.21034270285120124
017_SU_T1-R3filtered	A[C>G]T	0.426648513515458	0.2865184648351398	0.2868330216494021
017_SU_T1-R3filtered	A[C>T]A	0.4839555846415334	0.30246124784190814	0.2135831675165584
017_SU_T1-R3filtered	A[C>T]C	0.6017013916339611	0.20870089981702697	0.189597708549012
017_SU_T1-R3filtered	A[C>T]G	0.5815276593763931	0.2616092648849549	0.15686307573865213
017_SU_T1-R3filtered	A[C>T]T	0.4816326685626115	0.32571060741401053	0.1926567240233779
017_SU_T1-R3filtered	A[T>A]A	0.21076956636598623	0.338054692408383	0.4511757412256308
017_SU_T1-R3filtered	A[T>A]C	0.38127763043595864	0.3030017878552623	0.31572058170877904
017_SU_T1-R3filtered	A[T>A]G	0.4646631155769148	0.2560836712860094	0.2792532131370758
017_SU_T1-R3filtered	A[T>A]T	0.3168581523903816	0.3842822730670727	0.2988595745425458
017_SU_T1-R3filtered	A[T>C]A	0.2982281976436218	0.4730851905474477	0.22868661180893052
017_SU_T1-R3filtered	A[T>C]C	0.5363842178746403	0.23417191551730188	0.2294438666080577
017_SU_T1-R3filtered	A[T>C]G	0.5347013459351222	0.2986249507057475	0.16667370335913034
017_SU_T1-R3filtered	A[T>C]T	0.32186659844872223	0.4639484071691315	0.2141849943821462
017_SU_T1-R3filtered	A[T>G]A	0.06185638857476307	0.2689018831715221	0.6692417282537148
017_SU_T1-R3filtered	A[T>G]C	0.3275707304692838	0.20074067081373603	0.47168859871698016
017_SU_T1-R3filtered	A[T>G]G	0.541227265577753	0.19135077016842553	0.26742196425382136
017_SU_T1-R3filtered	A[T>G]T	0.33705604167532	0.36781242641145145	0.29513153191322844
017_SU_T1-R3filtered	C[C>A]A	0.3585998255704748	0.07243759875751159	0.5689625756720135
017_SU_T1-R3filtered	C[C>A]C	0.4660851349550739	0.055103487718350476	0.47881137732657575
017_SU_T1-R3filtered	C[C>A]G	0.5490092968092009	0.09339630015111461	0.35759440303968454
017_SU_T1-R3filtered	C[C>A]T	0.4168451245452205	0.07532901901306968	0.5078258564417097
017_SU_T1-R3filtered	C[C>G]A	0.617325128159958	0.10983835365337515	0.27283651818666693
017_SU_T1-R3filtered	C[C>G]C	0.6239755723072489	0.1358661821779961	0.240158245514755
017_SU_T1-R3filtered	C[C>G]G	0.6733542054208868	0.1226973902075032	0.20394840437161002
017_SU_T1-R3filtered	C[C>G]T	0.5801306023226294	0.17374271253800488	0.24612668513936575
017_SU_T1-R3filtered	C[C>T]A	0.6062084717851384	0.19178620881800154	0.20200531939686017
017_SU_T1-R3filtered	C[C>T]C	0.6117814238086521	0.135758542355896	0.25246003383545196
017_SU_T1-R3filtered	C[C>T]G	0.6970386260210419	0.1616663248173822	0.14129504916157587
017_SU_T1-R3filtered	C[C>T]T	0.5908556220901152	0.19599012308159847	0.2131542548282864
017_SU_T1-R3filtered	C[T>A]A	0.287816373720565	0.16222902258013525	0.5499546036992998
017_SU_T1-R3filtered	C[T>A]C	0.5852835905840992	0.11123634925328821	0.30348006016261264
017_SU_T1-R3filtered	C[T>A]G	0.4945064302102911	0.11752370254845292	0.38796986724125604
017_SU_T1-R3filtered	C[T>A]T	0.32995479115111126	0.1880308360289034	0.48201437281998544
017_SU_T1-R3filtered	C[T>C]A	0.4965554136334953	0.2897299124788119	0.2137146738876928
017_SU_T1-R3filtered	C[T>C]C	0.5302935643312691	0.12855580033969854	0.34115063532903234
017_SU_T1-R3filtered	C[T>C]G	0.6992644686657249	0.14470267827414693	0.15603285306012818
017_SU_T1-R3filtered	C[T>C]T	0.5299731217202215	0.24449168388613238	0.22553519439364605
017_SU_T1-R3filtered	C[T>G]A	0.3415471907061708	0.3340653850579267	0.32438742423590256
017_SU_T1-R3filtered	C[T>G]C	0.6558371354494623	0.12846553964329943	0.21569732490723828
017_SU_T1-R3filtered	C[T>G]G	0.6121500398498662	0.11032186525551091	0.277528094894623
017_SU_T1-R3filtered	C[T>G]T	0.45892405953373905	0.30859287448965067	0.23248306597661034
017_SU_T1-R3filtered	G[C>A]A	0.5201711935128066	0.09462926119281005	0.3851995452943833
017_SU_T1-R3filtered	G[C>A]C	0.5688962415349528	0.06771820903904226	0.3633855494260051
017_SU_T1-R3filtered	G[C>A]G	0.5215748402558078	0.17808225663943858	0.30034290310475364
017_SU_T1-R3filtered	G[C>A]T	0.5433526492047229	0.11916280442077863	0.33748454637449854
017_SU_T1-R3filtered	G[C>G]A	0.5581175602316084	0.16256621412534666	0.27931622564304487
017_SU_T1-R3filtered	G[C>G]C	0.6290011532101172	0.1422075339934782	0.2287913127964046
017_SU_T1-R3filtered	G[C>G]G	0.5321416894416128	0.06890723249988896	0.3989510780584982
017_SU_T1-R3filtered	G[C>G]T	0.6138319722108412	0.18113684718203132	0.20503118060712736
017_SU_T1-R3filtered	G[C>T]A	0.5553295311244624	0.22748626582146278	0.21718420305407485
017_SU_T1-R3filtered	G[C>T]C	0.6655537981869373	0.13998915053444355	0.19445705127861923
017_SU_T1-R3filtered	G[C>T]G	0.6890490126297262	0.1530891816136037	0.15786180575667014
017_SU_T1-R3filtered	G[C>T]T	0.590579102864898	0.21167069557495735	0.19775020156014472
017_SU_T1-R3filtered	G[T>A]A	0.3118686738843463	0.18737850659481373	0.5007528195208399
017_SU_T1-R3filtered	G[T>A]C	0.45005007446175693	0.1235765507895856	0.4263733747486576
017_SU_T1-R3filtered	G[T>A]G	0.505795809163251	0.08257604829142674	0.4116281425453223
017_SU_T1-R3filtered	G[T>A]T	0.38308827642643345	0.36156316576630004	0.25534855780726656
017_SU_T1-R3filtered	G[T>C]A	0.4746286361903818	0.2807463955329813	0.24462496827663685
017_SU_T1-R3filtered	G[T>C]C	0.6133112138518279	0.1606801208655095	0.22600866528266264
017_SU_T1-R3filtered	G[T>C]G	0.7195588776817835	0.13783023928991164	0.14261088302830482
017_SU_T1-R3filtered	G[T>C]T	0.5234904011888305	0.30726208302557795	0.16924751578559155
017_SU_T1-R3filtered	G[T>G]A	0.3701051696396284	0.19898386747997324	0.43091096288039826
017_SU_T1-R3filtered	G[T>G]C	0.5308338784442289	0.21540887269839135	0.25375724885737966
017_SU_T1-R3filtered	G[T>G]G	0.26348186100859916	0.09676115551640238	0.6397569834749985
017_SU_T1-R3filtered	G[T>G]T	0.5070099572287834	0.27052704063697025	0.2224630021342464
017_SU_T1-R3filtered	T[C>A]A	0.276954142938754	0.16240400801613408	0.560641849045112
017_SU_T1-R3filtered	T[C>A]C	0.28029608301876985	0.18661655670454505	0.5330873602766852
017_SU_T1-R3filtered	T[C>A]G	0.4387529011541555	0.11942898448982056	0.44181811435602397
017_SU_T1-R3filtered	T[C>A]T	0.36143998707078334	0.18246247848617975	0.456097534443037
017_SU_T1-R3filtered	T[C>G]A	0.25514731782509176	0.33757488174849737	0.40727780042641093
017_SU_T1-R3filtered	T[C>G]C	0.4773764408606131	0.2041345878424993	0.3184889712968876
017_SU_T1-R3filtered	T[C>G]G	0.5456732531038855	0.22114531702232587	0.23318142987378873
017_SU_T1-R3filtered	T[C>G]T	0.31556880607048227	0.27749518946776003	0.4069360044617578
